"V_GENE"	"logFC"	"AveExpr"	"t"	"P.Value"	"adj.P.Val"	"B"
"IGKV4-86"	2.46201508767156	11.1300945018828	3.23908782514944	0.00392489362865412	0.482761916324457	-3.37261981879842
"IGLV3"	-1.21437383065143	14.8732031153216	-2.50287864724095	0.0206367527719101	0.592034044125238	-3.60224000811627
"IGKV9-120"	1.99903674359998	12.6013440187514	2.30833230006634	0.0312366337440748	0.592034044125238	-3.89006638518271
"IGKV17-121"	-0.988657279377266	12.1197707574392	-2.31696569474319	0.0306755862978418	0.592034044125238	-3.91053042235195
"IGKV6-15"	0.90426195806087	12.4756718895126	2.22692658872433	0.0370094243646121	0.592034044125238	-3.95381197889552
"IGKV4-51"	1.28507690753344	9.11757955170949	2.3379684109617	0.0293492239895976	0.592034044125238	-3.99954340515711
"IGKV4-61"	1.61762014971598	9.85169903551839	2.17317362714553	0.0413387436218607	0.592034044125238	-4.07541751201316
"IGKV4-74"	1.00704329328906	10.4135307664648	2.09833018471047	0.048132849115873	0.592034044125238	-4.11426898898932
"IGKV4-69"	1.15955443951425	7.30343111731287	2.09922523164455	0.0480459741207045	0.592034044125238	-4.11843456116975
"IGKV3-7"	-1.4686629298209	3.28793803834456	-2.11337836203863	0.0466908955727185	0.592034044125238	-4.18417940737269
"IGKV14-126"	1.24478811867131	10.3299646598263	1.93224526511487	0.0669123914509305	0.633727071592844	-4.21083600983938
"IGKV5-43"	1.39174846202905	12.5613916087279	1.83280539639987	0.081029235360692	0.633727071592844	-4.21739963139532
"IGKV4-63"	0.943540647826529	11.1829864118353	1.87077304718537	0.0753583981350503	0.633727071592844	-4.22402117698088
"IGKV3-5"	-1.1602349283814	12.8382798398453	-1.7994338232173	0.0863167648311506	0.633727071592844	-4.22732423898932
"IGKV5-48"	1.15394563538154	9.84674480105996	1.90118386496711	0.0710698082563742	0.633727071592844	-4.23374622311007
"IGKV3-12"	-0.922928540317717	4.7210159499083	-1.83292823066065	0.0810103052476801	0.633727071592844	-4.2827536509422
"IGKV14-130"	1.01158944969961	9.43175079481875	1.79167382247832	0.0875882944477914	0.633727071592844	-4.29451954643737
"IGKV8-30"	0.798218240464038	12.0292426449651	1.67294673746223	0.109150314413914	0.74586048182841	-4.32014279953144
"IGKV14-111"	0.893081088422017	12.4989408560915	1.58523305162406	0.127836954888235	0.786197272562643	-4.36356562405039
"IGKV1-133"	-1.59408763855251	9.92367970895164	-1.591307735262	0.126461742246194	0.786197272562643	-4.38574261941902
"IGKV1-135"	-0.584012120069966	14.597021253665	-1.48181500973474	0.153219722170207	0.829626253447817	-4.40919291404419
"IGKV4-70"	1.24764584547207	9.91140515954273	1.53182384656569	0.140472112791679	0.822765232065549	-4.41674068222139
"IGKV10-94"	-0.50090185631977	11.0585294110848	-1.47460444174192	0.155133364465852	0.829626253447817	-4.43732152242199
"IGKV3-3"	-0.885967643157249	9.75375535472598	-1.39921330828776	0.176326577473545	0.86752676116984	-4.47821678615687
"IGKV8-16"	-1.82947855520223	0.458490690195828	-1.42361594940826	0.169226273431345	0.867284651335644	-4.48267153804996
"IGKV13-84"	-1.08194575994379	1.05283223570819	-1.22443949782139	0.234326763505616	0.898825774322806	-4.55178011264059
"IGKV3-1"	0.800561440233109	12.5214031053692	1.21091879064102	0.239360100089476	0.898825774322806	-4.5613709625648
"IGKV4-72"	0.568971356931154	7.90894980014906	1.1944058156907	0.245617761370286	0.898825774322806	-4.56272173375033
"IGKV4-79"	0.763636318582762	10.1662503487198	1.16947045944445	0.255299085703244	0.898825774322806	-4.57254354265276
"IGHV1S65"	-0.736389855834101	-1.83142055135952	-1.15814921548376	0.259787450046152	0.898825774322806	-4.57319956914285
"IGKV4-81"	0.67048841864947	8.72940594611593	1.15046968897408	0.262865223464536	0.898825774322806	-4.57894558023967
"IGHV3-3"	-0.738716962066398	-1.83142055135952	-1.12066226569167	0.275066987523781	0.898825774322806	-4.58495979314458
"IGKV12-46"	0.483970853296182	7.6980688763374	1.10846664960182	0.28017716344599	0.898825774322806	-4.59547160776094
"IGKV8-19"	-0.394140850042351	12.9347942327675	-1.1270317152913	0.272425353722869	0.898825774322806	-4.60334196132068
"IGKV4-62"	1.46682721693397	11.8575346582448	1.10646086763843	0.281024205590405	0.898825774322806	-4.60423416252123
"IGKV1-132"	0.806095102956192	8.78772113284499	1.03832907215364	0.310909036090795	0.898825774322806	-4.61932596177471
"IGKV9-129"	0.567523314993846	8.87235718403551	1.02494474178379	0.317035490935596	0.898825774322806	-4.62343315256488
"IGKV12-98"	-0.605887432378697	4.43265968906391	-1.00368742379057	0.326939259521759	0.898825774322806	-4.62611044393947
"IGKV6-23"	-0.587653283157644	7.42589763509346	-0.997948207754224	0.32964973920778	0.898825774322806	-4.63520968160674
"IGKV6-20"	-0.735774989596522	2.00170288071509	-0.930009884420261	0.362919657275705	0.898825774322806	-4.63917344524954
"IGKV17-127"	0.487610878707448	11.8416257896765	1.01977980434815	0.319422222797635	0.898825774322806	-4.6394165243333
"IGKV10-95"	0.682479384815423	-1.31908352143487	0.924203849512886	0.365864278269656	0.898825774322806	-4.64080906076098
"IGHV8S9"	0.684282817267645	-1.47757977150698	0.912421068806738	0.371889118017961	0.898825774322806	-4.64408119047814
"IGKV4-57"	0.909714909975383	12.0252588466822	1.00929587455872	0.324305572264108	0.898825774322806	-4.64558892100638
"IGKV9-124"	0.616530776186162	11.5102051792079	0.958867228455141	0.348520991667979	0.898825774322806	-4.65877227130089
"IGKV6-d"	0.603188325014043	-1.3372120254041	0.852726137122221	0.403419042941743	0.898825774322806	-4.65891875895488
"IGKV6-14"	0.693071692986407	6.67602903044476	0.900868106038796	0.377860161318773	0.898825774322806	-4.66815180202028
"IGKV6-32"	0.715447174849308	5.14779551475064	0.882976069173089	0.387231819066555	0.898825774322806	-4.66835919242542
"IGHV9-1"	0.947030595899063	0.598201167495862	0.803744790405148	0.430536534407007	0.898825774322806	-4.66982398618551
"IGKV2-109"	-0.665506489949077	-0.0882427740548634	-0.800345458734484	0.432459793904445	0.898825774322806	-4.6705215493351
"IGHV9-2-1"	0.531192213875385	-1.51442805121529	0.768102799248422	0.450965804738931	0.898825774322806	-4.67897102519319
"IGKV11-125"	0.509169860665634	3.92459297798924	0.782183699898376	0.442825365029059	0.898825774322806	-4.6830245090653
"IGKV4-90"	-0.656740160427695	7.84489751479475	-0.837669532361002	0.411635918627115	0.898825774322806	-4.68441713702023
"IGKV4-52"	0.945596591649547	8.39003980810148	0.826797000743991	0.417635175824095	0.898825774322806	-4.68543785604771
"IGKV1-35"	0.684453814812211	2.95669423548967	0.705350649737644	0.488332145640117	0.898825774322806	-4.69310413902064
"IGHV1S75"	-0.418363061023928	-1.75217242632347	-0.695099821154615	0.494602382789674	0.898825774322806	-4.69486034105689
"IGKV18-36"	-0.4207231172724	-1.75217242632347	-0.681014866029605	0.503292709795751	0.898825774322806	-4.69775343974498
"IGKV8-27"	-0.445452095435488	4.8848572851664	-0.753604911840913	0.459441560817122	0.898825774322806	-4.70128109903302
"IGHV9-2"	-0.424771630964697	-1.75217242632347	-0.660195382249528	0.516295192022993	0.898825774322806	-4.7018600933704
"IGKV4-91"	0.635982292358268	12.2044336495504	0.831364159499531	0.415108398971804	0.898825774322806	-4.71229239259023
"IGKV3-10"	0.584568287341236	11.9750875859143	0.819499821139629	0.421692457092521	0.898825774322806	-4.71307094471339
"IGKV3-9"	0.642587350077921	9.25580538203661	0.718130024419419	0.480580010606598	0.898825774322806	-4.71355034191639
"IGHV15-2"	-0.413927163838954	-1.59367617625135	-0.583112282248385	0.566019161036216	0.946787721216498	-4.71561929434986
"IGHV1S31"	-0.413918251524056	-1.75217242632347	-0.577683606819763	0.569612124959519	0.946787721216498	-4.71684047028757
"IGKV4-78"	0.314619749203267	8.12327088078807	0.68177846512061	0.502819365200083	0.898825774322806	-4.72366449859621
"IGKV12-44"	-0.348923966674064	6.63093047722327	-0.709066199703838	0.486070812142894	0.898825774322806	-4.7248280330664
"IGHV3S1"	0.367817087760312	-1.71532414661516	0.487027679797622	0.631276558174738	0.982359238405445	-4.73121213445899
"IGKV10-96"	0.357323438454895	10.4652143741689	0.670560326790389	0.509798656063583	0.898825774322806	-4.73294745625509
"IGKV15-103"	-0.403124429374996	0.989737069517433	-0.437904837169479	0.665920168166829	0.983786160499341	-4.73618360100121
"IGHV1S96"	0.298812893532347	0.293587258660907	0.429603241788836	0.671853963267843	0.983786160499341	-4.73687525643198
"IGHV1-9"	-0.493626347020169	-0.0138950116139064	-0.396727849747333	0.695565483587299	0.985217236965992	-4.74063401252012
"IGKV6-13"	-0.641712244118258	8.50594210730295	-0.591162873490497	0.560712455736936	0.946787721216498	-4.74267644094521
"IGKV12-38"	0.351638891134727	1.05238424187931	0.371884801357342	0.71369957883943	0.985217236965992	-4.74462612016273
"IGKV2-112"	-0.255410838428027	-1.6360760215791	-0.348016180135355	0.73128753025316	0.985217236965992	-4.74838982716425
"IGLV1"	-0.401373483352714	18.8522882370316	-1.04993115737716	0.305666553746956	0.898825774322806	-4.74840331248564
"IGKV6-b"	-0.228212840935514	0.255866733694146	-0.309120156700013	0.760271958250515	0.985217236965992	-4.74994364213172
"IGKV6-c"	0.214671586606263	-1.75217242632347	0.332723144901649	0.742637328662734	0.985217236965992	-4.75031565603292
"IGKV19-93"	0.292418559232036	11.9849662150826	0.697767585515133	0.492966129396239	0.898825774322806	-4.75035335546986
"IGKV4-80"	0.47700672229154	11.3839116923405	0.656163963715503	0.518834390056254	0.898825774322806	-4.75041485725413
"IGKV4-53"	-0.457424545454968	12.5677334741816	-0.723346987959511	0.477436112969833	0.898825774322806	-4.75357411876268
"IGHV10-1"	0.219900940676938	-1.75217242632347	0.296246928943345	0.769947348795665	0.985217236965992	-4.75378529854118
"IGKV9-123"	-0.254153141934078	-0.889647789655754	-0.257891485831254	0.798997607388433	0.985217236965992	-4.75486563991768
"IGKV2-a"	0.193402505118206	-1.44073149179867	0.255247276647325	0.801011907029547	0.985217236965992	-4.75643527942944
"IGHV12-2-1"	-0.174830797801423	-1.53255655518453	-0.237464162503042	0.81459490383872	0.985217236965992	-4.75781229523999
"IGKV1-88"	0.337325383900396	1.34401282231557	0.211687484905487	0.834388989748868	0.985217236965992	-4.7594243802855
"IGKV12-89"	0.187941064966228	1.1903486770983	0.16361414033838	0.871597146381029	0.985217236965992	-4.76085446099035
"IGKV6-17"	-0.322715474582105	6.67647213408092	-0.539719921408781	0.595059711123382	0.963057164054947	-4.76331665776659
"IGHV13-1"	-0.0995982938637157	-1.83142055135952	-0.156643770636841	0.87701971226017	0.985217236965992	-4.76355773187863
"IGHV1S32"	0.161181380054113	4.14874631545319	0.344151175332724	0.734150131203386	0.985217236965992	-4.76401360812818
"IGHV1S44"	-0.0962512834823546	-1.83142055135952	-0.145846200972749	0.885431771082206	0.985217236965992	-4.7641281639502
"IGKV2-137"	0.0813726701276064	0.220776506466998	0.0549353339376786	0.956708556886032	0.985217236965992	-4.76455480258162
"IGHV1S37"	-0.0533799585115107	2.07840486450917	-0.0790945414088541	0.937705246078904	0.985217236965992	-4.76474052217442
"IGKV6-29"	0.0649741248578357	-1.55682789654304	0.087937221937572	0.930758599704084	0.985217236965992	-4.76530164404997
"IGKV8-34"	-0.815496687130489	5.89238741096269	-0.476070461506318	0.638932837987281	0.982359238405445	-4.76632741683953
"IGKV20-101-2"	0.0439672193309364	-1.79457227165121	0.0664089579574634	0.947679551424984	0.985217236965992	-4.76650954717868
"IGKV4-71"	-0.250953147098453	5.53575089962367	-0.451035775180532	0.656580232628843	0.983786160499341	-4.77248767912416
"IGKV8-26"	0.8268128027846	6.008692773283	0.459544779558063	0.650558313436788	0.983786160499341	-4.77282473676454
"IGKV6-25"	-0.193474713086996	4.96789907386882	-0.389629145207949	0.700728709034077	0.985217236965992	-4.77358781488849
"IGKV1-117"	0.321254988603041	12.7441567278105	0.658333995239182	0.517466731422913	0.898825774322806	-4.77646728634995
"IGKV4-73"	-0.128788196674241	8.76373887335751	-0.208389146058319	0.836930251655917	0.985217236965992	-4.79598171480693
"IGKV5-37"	-0.0696201673612595	8.9010708120134	-0.0833949090652316	0.934326286024877	0.985217236965992	-4.80298071921045
"IGKV8-21"	0.0758435543847575	9.20384607922189	0.0605554078700754	0.952285097510699	0.985217236965992	-4.80598773146685
"IGKV1-131"	0.0276749913002607	5.52071202893286	0.0521325687317981	0.958915106860458	0.985217236965992	-4.80694462169207
"IGKV7-33"	-0.0150020402445366	7.43830382651453	-0.0100991420898201	0.992037383214462	0.997244523974068	-4.8076283810286
"IGKV4-50"	-0.429878190704216	12.8764309906646	-0.55170746867659	0.586964270040014	0.962621402865622	-4.80785074530495
"IGKV12-41"	-0.18609803284668	6.72903781935779	-0.198297173238409	0.844717013253471	0.985217236965992	-4.80788404774623
"IGKV1-122"	0.228322269983085	10.3968657601209	0.221861869323545	0.826561760891107	0.985217236965992	-4.80820725824732
"IGKV4-55"	0.283766356132867	12.4899049273082	0.504820701157567	0.61893402868704	0.982359238405445	-4.80926524540729
"IGKV4-92"	-0.100497088677081	7.35983459261094	-0.119899317099963	0.9057010075054	0.985217236965992	-4.81016385616278
"IGKV8-18"	-0.0655976482643634	10.6867575776035	-0.125693822932894	0.901168213237957	0.985217236965992	-4.81663671053506
"IGKV16-104"	0.00615575637626353	6.87058642026909	0.0113720800939792	0.991033784558439	0.997244523974068	-4.8176251654993
"IGKV4-58"	0.0601365845110138	10.9399752072881	0.0795627210304372	0.937337320241712	0.985217236965992	-4.82265507565766
"IGKV14-100"	0.0689816489815911	11.2448992813612	0.192404587671372	0.849271205724057	0.985217236965992	-4.82378171502879
"IGKV3-2"	0.193311067526603	13.3746283580592	0.483512005061937	0.633728546306927	0.982359238405445	-4.83641579857748
"IGKV1-99"	-0.0236821368448901	11.5796519907632	-0.0492465561177945	0.961187548259504	0.985217236965992	-4.83980425462186
"IGKV8-24"	0.0630980900220877	12.35531813477	0.125996678782557	0.90093139568528	0.985217236965992	-4.85712505689196
"IGKV1-110"	-0.200556116177623	13.6960999685107	-0.364059360186436	0.719448482242328	0.985217236965992	-4.86981463915502
"IGKV4-59"	0.132818256600434	13.7474440535829	0.359028620954598	0.723153314601005	0.985217236965992	-4.87302653496217
"IGLV2"	-0.224401061156058	16.8386056861869	-0.69985300853741	0.491689220072266	0.898825774322806	-4.87436273621065
"IGKV8-28"	0.0712043332990344	13.3892549871332	0.199248781938451	0.843982062456959	0.985217236965992	-4.88244011973334
"IGKV3-4"	-0.15854578032611	13.833932518493	-0.288757465596073	0.775594198830383	0.985217236965992	-4.88589808755162
"IGKV4-57-1"	0.0503335144971899	14.3731278279082	0.0942609571494137	0.925794224985906	0.985217236965992	-4.91873598834887
"IGKV5-39"	-0.00230353523823545	14.415317618488	-0.00349476917854043	0.997244523974068	0.997244523974068	-4.92740193791114
