"V_GENE"	"logFC"	"AveExpr"	"t"	"P.Value"	"adj.P.Val"	"B"
"IGKV5-43"	-5.02049340154358	12.5613916087279	-9.5925875791176	3.94053856218521e-09	4.84686243148781e-07	11.1473773660044
"IGKV6-15"	-2.04192986458733	12.4756718895126	-7.0891431225979	5.35876255677339e-07	3.29563897241563e-05	6.2658933132685
"IGLV3"	2.01104413016054	14.8732031153216	6.06599874545404	5.06110405043286e-06	0.000207505266067747	3.87914608647059
"IGKV4-57-1"	1.6106265506544	14.3731278279082	4.37126387092732	0.000266662002583123	0.00803331619930886	-0.0443883389233477
"IGKV3-1"	-2.02339142055852	12.5214031053692	-4.28657410279027	0.000326557569077596	0.00803331619930886	-0.110705737246232
"IGKV5-39"	-1.80028652850386	14.415317618488	-3.8656387494318	0.000893537169395187	0.0183175119726013	-1.22733610413755
"IGKV17-121"	1.02571499389416	12.1197707574392	3.4085273263891	0.00264067332185537	0.0464004026554586	-2.13636196271228
"IGKV16-104"	-1.18190399147651	6.87058642026909	-3.09882295041911	0.00543158807499238	0.0805858727419057	-2.7459391290437
"IGKV1-135"	0.862807117801676	14.597021253665	3.06313601375501	0.00589652727379798	0.0805858727419057	-3.05694933505419
"IGKV9-120"	-1.80012782608204	12.6013440187514	-2.99946404928794	0.00682313134169076	0.0839245155027964	-3.09234562590236
"IGKV7-33"	2.89797906088163	7.43830382651453	2.77869073619209	0.0112447741296994	0.125737019813912	-3.41081357278453
"IGKV14-126"	-1.20085160723531	10.3299646598263	-2.63282462208858	0.0155431563759338	0.159317352853322	-3.71746643973438
"IGKV12-46"	-0.748497979503654	7.6980688763374	-2.42652395786295	0.024318653073443	0.210199632004547	-4.12487097786001
"IGKV5-37"	-1.42763907591301	8.9010708120134	-2.40689572000956	0.0253592709777259	0.210199632004547	-4.14332361848725
"IGKV1-133"	1.73226708147655	9.92367970895164	2.40183664341678	0.0256341014639691	0.210199632004547	-4.16838051898444
"IGKV20-101-2"	-1.09278511812105	-1.79457227165121	-2.33511904698495	0.0295260140616355	0.226981233098823	-4.18011487295115
"IGHV1S75"	-0.946527347835834	-1.75217242632347	-2.22730910624961	0.0369801555343555	0.242940862241587	-4.38334024183997
"IGKV6-20"	-1.22722227999711	2.00170288071509	-2.19635552590337	0.0394180905620789	0.242940862241587	-4.43557894913175
"IGKV14-130"	-0.882363017781019	9.43175079481875	-2.19531438561089	0.0395025792262743	0.242940862241587	-4.54119365609407
"IGHV13-1"	-0.949219604926399	-1.83142055135952	-2.11289577685574	0.0467365267226168	0.262150650149199	-4.59178697045592
"IGKV3-2"	0.646234350471994	13.3746283580592	2.26693746216917	0.0340600336332152	0.242940862241587	-4.61321944592802
"IGKV6-c"	-0.946095817979156	-1.75217242632347	-2.07664894301899	0.0502809371833943	0.268893707545978	-4.65635853926202
"IGKV13-84"	1.24414962217067	1.05283223570819	1.99003619689867	0.0597456355919643	0.282642814531216	-4.8000268137337
"IGKV4-53"	0.958015118863868	12.5677334741816	2.11128913108803	0.0468887341730274	0.262150650149199	-4.840806433587
"IGHV9-2-1"	-0.948320511102675	-1.51442805121529	-1.94556236713409	0.0651966909181523	0.297007147516027	-4.88365481534899
"IGKV9-124"	-0.938337657509122	11.5102051792079	-2.01848992387557	0.0564743175710083	0.277853642449361	-4.93113619317269
"IGKV8-19"	0.50368971477484	12.9347942327675	2.02767056999368	0.055453443936781	0.277853642449361	-5.02480953744846
"IGKV14-100"	0.494382514310796	11.2448992813612	1.90668528182396	0.0703173145991915	0.300082987481286	-5.10680409835271
"IGKV4-52"	-1.5271564443831	8.39003980810148	-1.87243966143623	0.075117627575124	0.307982273058008	-5.10849310045268
"IGHV10-1"	-0.946095817979156	-1.75217242632347	-1.80501746701114	0.0854117632350255	0.314882850723094	-5.11586411681869
"IGHV3S1"	-0.946095817979155	-1.71532414661516	-1.77475035448898	0.0904176109661035	0.314882850723094	-5.16422953896934
"IGKV3-5"	0.908206903027303	12.8382798398453	1.90350636430883	0.0707512734711975	0.300082987481286	-5.19127166212721
"IGKV6-23"	0.748220519471354	7.42589763509346	1.82675274335247	0.0819667964445804	0.314882850723094	-5.2256093121216
"IGKV4-71"	0.693390518939634	5.53575089962367	1.78166761926699	0.0892517677155272	0.314882850723094	-5.28664232303572
"IGKV8-24"	-0.643855562825259	12.35531813477	-1.83459186885148	0.0807542991394683	0.314882850723094	-5.32785951882892
"IGKV4-62"	-1.70642422714669	11.8575346582448	-1.74986604527148	0.0947208575345892	0.314882850723094	-5.38275109525655
"IGKV1-131"	0.622284931661591	5.52071202893286	1.64418780918625	0.115005054857489	0.362708249935158	-5.47679557668708
"IGKV4-50"	-0.962559793565783	12.8764309906646	-1.76299110165181	0.0924296804614085	0.314882850723094	-5.47794914100133
"IGKV5-48"	-0.697080132216247	9.84674480105996	-1.62496473670769	0.119064465007286	0.366123229897404	-5.51402785322023
"IGKV8-27"	0.656205563002434	4.8848572851664	1.55615684996358	0.134593033465095	0.403779100395284	-5.58083309798602
"IGKV3-4"	0.679067613537915	13.833932518493	1.70007883782898	0.103860394974362	0.336179699522278	-5.60682567368475
"IGHV9-1"	-1.22454064928528	0.598201167495862	-1.46663675031927	0.157270527788535	0.420527715608475	-5.60916717345436
"IGKV18-36"	-0.630375343480743	-1.75217242632347	-1.44732151311225	0.162550797529056	0.425398895661147	-5.64870468100932
"IGKV8-34"	1.79612753793964	5.89238741096269	1.49305932935286	0.150274008703285	0.414838796530358	-5.70916727138496
"IGHV9-2"	-0.630375343480743	-1.75217242632347	-1.38970230924289	0.179157665177315	0.449722302383872	-5.7255175416987
"IGKV10-94"	-0.361651389593215	11.0585294110848	-1.49866542098544	0.148822749551914	0.414838796530358	-5.74274950118335
"IGHV1S44"	-0.630375343480745	-1.83142055135952	-1.35391065631919	0.190137449354706	0.458566789620174	-5.77192865015311
"IGKV8-30"	0.507981648616241	12.0292426449651	1.51366491109771	0.144996167859553	0.414838796530358	-5.79283341977142
"IGKV4-90"	0.752258613036979	7.84489751479475	1.36201228849086	0.187606628708284	0.458566789620174	-5.88756613154228
"IGHV15-2"	-0.628861248687561	-1.59367617625135	-1.25422317393855	0.223523577945222	0.492024059294177	-5.89221586434514
"IGHV1S31"	-0.634899647266059	-1.75217242632347	-1.25285606505747	0.224010953824991	0.492024059294177	-5.89385821148183
"IGKV4-91"	0.781959882468845	12.2044336495504	1.43299588870143	0.166558959409499	0.426807333486842	-5.90147369708396
"IGKV1-110"	0.596118558135183	13.6960999685107	1.4873254750021	0.151770291413546	0.414838796530358	-5.91098446215818
"IGKV2-109"	0.698548050840472	-0.0882427740548634	1.18755697903723	0.248248973527516	0.500604406911598	-5.96182007407163
"IGHV8S9"	-0.630415403204272	-1.47757977150698	-1.19083664555249	0.24698635061891	0.500604406911598	-5.96673452461657
"IGKV2-a"	-0.629873755487834	-1.44073149179867	-1.17823609901084	0.251863804301069	0.500604406911598	-5.9811477123124
"IGKV1-122"	0.949401013482532	10.3968657601209	1.298980090568	0.208013556926021	0.482748443432087	-5.98334822890316
"IGKV4-72"	0.430179942848593	7.90894980014906	1.2815634829767	0.213946799174087	0.487323264785421	-5.98897323518064
"IGKV8-21"	1.09867852036197	9.20384607922189	1.23428963370126	0.23071078628204	0.497849591450719	-6.03169369297007
"IGKV1-117"	0.46885858116184	12.7441567278105	1.33580579938232	0.195890529391847	0.463356444523022	-6.05816770435633
"IGHV1S32"	-0.34425077240398	4.14874631545319	-1.03329614457579	0.313202880795119	0.55831817880869	-6.18404636008885
"IGKV2-137"	1.02510668099058	0.220776506466998	0.977554202271131	0.33940731170757	0.582126406420471	-6.18461609104951
"IGKV8-18"	0.410769384227764	10.6867575776035	1.11550453642957	0.277219782800835	0.532781770070356	-6.20982368945639
"IGKV4-63"	0.403410498894202	11.1829864118353	1.13009885740971	0.271159963606787	0.529407547994204	-6.21957297942436
"IGKV4-74"	-0.368739533027233	10.4135307664648	-1.08968754191406	0.288180615378487	0.540926330367647	-6.22652999606249
"IGKV12-41"	0.715062406489452	6.72903781935779	1.08488630186912	0.290253152880201	0.540926330367647	-6.23531159394634
"IGKV4-51"	-0.406625492957582	9.11757955170949	-1.03858210895306	0.310794024778499	0.55831817880869	-6.23827673222215
"IGKV6-29"	-0.481242871024816	-1.55682789654304	-0.921680024099584	0.367149249256206	0.602124768780177	-6.24370435486854
"IGKV12-38"	-0.590791517401274	1.05238424187931	-0.884853963266622	0.386241110168095	0.618500346453795	-6.27391580082288
"IGKV10-95"	-0.460810333827148	-1.31908352143487	-0.883052861215551	0.387191273796278	0.618500346453795	-6.27644790585832
"IGKV6-25"	0.344168898968782	4.96789907386882	0.971385553366713	0.342397492949734	0.582126406420471	-6.29248100664935
"IGKV4-79"	-0.4449535593681	10.1662503487198	-0.963147149152464	0.346419064581497	0.582126406420471	-6.33790798993651
"IGKV4-61"	0.509482857878046	9.85169903551839	0.955415725347265	0.350222390854592	0.582126406420471	-6.33991893853644
"IGKV17-127"	0.351630905085257	11.8416257896765	1.03899957327804	0.310604343023473	0.55831817880869	-6.35664620915987
"IGKV3-7"	-0.36542506022512	3.28793803834456	-0.731607586154571	0.472482799240395	0.707635923582377	-6.39758804919785
"IGKV3-3"	0.392771068125391	9.75375535472598	0.867357180914902	0.395536076555706	0.623729966876306	-6.40351155859082
"IGKV9-123"	-0.500399051694694	-0.889647789655754	-0.718138026630891	0.480575178986117	0.707635923582377	-6.40433311932783
"IGKV8-16"	0.626265471594486	0.458490690195828	0.688499349638755	0.498664087546596	0.707635923582377	-6.42334985355606
"IGKV11-125"	-0.350240063116261	3.92459297798924	-0.76882713196514	0.450544848364212	0.692712704359976	-6.42433959370365
"IGHV1S65"	-0.312428042956014	-1.83142055135952	-0.695355824416895	0.494445230105834	0.707635923582377	-6.4291910435121
"IGKV4-57"	-0.616238858026604	12.0252588466822	-0.972762210791673	0.341728612500362	0.582126406420471	-6.44316418403135
"IGHV3-3"	-0.310100936723717	-1.83142055135952	-0.665733059459328	0.512818569472528	0.707635923582377	-6.44952485603844
"IGHV1S37"	-0.312745223880312	2.07840486450917	-0.655855168342612	0.519029170481371	0.707635923582377	-6.45091268729052
"IGKV6-b"	-0.329063350333434	0.255866733694146	-0.629293259787138	0.535934259345112	0.707635923582377	-6.46090119970393
"IGKV1-88"	0.71473749910793	1.34401282231557	0.630710212457869	0.535024992737177	0.707635923582377	-6.46271092676034
"IGKV6-d"	-0.31468337709552	-1.3372120254041	-0.629848676001055	0.535577746150442	0.707635923582377	-6.46925550298664
"IGKV6-14"	0.452479903674361	6.67602903044476	0.842648139884517	0.408907210726844	0.63665299897977	-6.47060944944291
"IGKV1-35"	-0.410788129430011	2.95669423548967	-0.591654204132644	0.560389423853579	0.710596898288559	-6.48571724026159
"IGHV12-2-1"	-0.31407300183507	-1.53255655518453	-0.603246981570666	0.552795773994924	0.708269585430997	-6.48586160431497
"IGLV2"	0.274527793016205	16.8386056861869	1.2118639797412	0.239005597057314	0.500604406911598	-6.51856533937669
"IGKV4-92"	-0.443613650283184	7.35983459261094	-0.745290959552398	0.464344959856954	0.705116420523523	-6.52677830229865
"IGKV15-103"	0.335917467170844	0.989737069517433	0.514870345656042	0.61201315418726	0.760379979444778	-6.52884724979872
"IGKV3-12"	0.230725082396438	4.7210159499083	0.632021226718354	0.53418445112616	0.707635923582377	-6.53556606403612
"IGKV1-132"	0.364194371794328	8.78772113284499	0.658834310542673	0.517151692714158	0.707635923582377	-6.56361447692625
"IGKV6-13"	0.480628046429835	8.50594210730295	0.626626445493836	0.537647830410057	0.707635923582377	-6.59036641983345
"IGHV1S96"	-0.141573236641892	0.293587258660907	-0.287241707719913	0.776738600533149	0.918642767938244	-6.62084325687864
"IGKV2-112"	-0.160857907738953	-1.6360760215791	-0.310431368480345	0.759288687818567	0.906723384482367	-6.62506978429093
"IGHV1-9"	-0.214263088454366	-0.0138950116139064	-0.243295224994681	0.810134232308806	0.921017591251757	-6.63288078394449
"IGKV12-89"	-0.0916855596904174	1.1903486770983	-0.112690402406066	0.911344819173433	0.941978258473381	-6.6587084409164
"IGKV4-80"	-0.311869703194343	11.3839116923405	-0.605744773681771	0.551166751575733	0.708269585430997	-6.68421723867273
"IGKV4-86"	-0.258796345093183	11.1300945018828	-0.460711838569688	0.649734265430951	0.791260541069376	-6.70188792143427
"IGLV1"	-0.314528962496098	18.8522882370316	-1.17702292285782	0.252337180719667	0.500604406911598	-6.71071274832728
"IGKV12-98"	0.109836219255164	4.43265968906391	0.257280884654129	0.799462622931789	0.919008435706636	-6.71221706424391
"IGKV1-99"	-0.186916161555434	11.5796519907632	-0.557155768197143	0.583303083661739	0.732104890718305	-6.74167655933748
"IGKV3-9"	-0.167096244422893	9.25580538203661	-0.26205965368196	0.795825306864807	0.919008435706636	-6.74631117552465
"IGKV4-69"	-0.137586925223585	7.30343111731287	-0.355171080749765	0.725998885705188	0.875469244526845	-6.75653217382728
"IGKV4-78"	0.0677724278978715	8.12327088078807	0.205931363945565	0.838825081388298	0.922096813410293	-6.76477089103132
"IGKV9-129"	0.0673736592174894	8.87235718403551	0.170997356012096	0.865860466615049	0.933909957347256	-6.76689088436828
"IGKV10-96"	-0.0832984204192933	10.4652143741689	-0.215028478093467	0.83181675440837	0.922096813410293	-6.77069668411393
"IGKV4-81"	-0.0496998643787645	8.72940594611593	-0.119925226926606	0.905680731898355	0.941978258473381	-6.77531349828777
"IGKV4-73"	-0.0552011369843743	8.76373887335751	-0.126167180116397	0.900798076653425	0.941978258473381	-6.77941410722825
"IGKV6-32"	0.0372072072059124	5.14779551475064	0.0647647020865135	0.948973062080367	0.96465856723872	-6.78261989145369
"IGKV4-58"	0.128533440231472	10.9399752072881	0.235385887015984	0.816186320702777	0.921017591251757	-6.79517841170153
"IGKV8-28"	0.159036868311446	13.3892549871332	0.621740531034325	0.540794933469459	0.707635923582377	-6.79917809712898
"IGKV4-70"	0.0249248925081886	9.91140515954273	0.043048611149662	0.966068917423462	0.973987515107261	-6.80100967303187
"IGKV3-10"	0.233595769204427	11.9750875859143	0.465907982066723	0.646070911694395	0.791260541069376	-6.80665764813018
"IGKV6-17"	0.0860681384095763	6.67647213408092	0.20488397717762	0.839632870747584	0.922096813410293	-6.81228339212388
"IGKV8-26"	-0.198657398553919	6.008692773283	-0.159869557113957	0.874509440281567	0.933909957347256	-6.82058706172412
"IGKV12-44"	-0.00439347762766662	6.63093047722327	-0.0126835918948983	0.98999978982212	0.98999978982212	-6.83230428326747
"IGKV19-93"	0.0527749385855323	11.9849662150826	0.176700976295611	0.861433981879835	0.933909957347256	-6.88979361015605
"IGKV14-111"	-0.0605482736404905	12.4989408560915	-0.151839738971464	0.880760610181152	0.933909957347256	-6.9347165369299
"IGKV4-55"	-0.0326866120128457	12.4899049273082	-0.0821524655265068	0.93530239301856	0.958684952844024	-6.94276823587707
"IGKV4-59"	-0.0739930196036429	13.7474440535829	-0.276344303705855	0.784981330463973	0.919008435706636	-6.97429219027316
